3
5
8
9
13
14
17
17
20
24
25
28
28
29
31
35
36
38
41
42
43
45
48
50
49
51
54
56
58
59
61
63
63
63
67
68
72
72
73
74
78
77
80
81
84
83
86
88
88
90
91
93
94
96
97
99
100
100
102
102
105
105
108
110
109
112
112
114
115
116
118
118
119
121
121
123
123
125
126
127
128
128
130
132
133
134
136
135
136
137
139
139
140
142
142
143
144
146
146
147
147
148
150
151
151
152
154
153
156
156
157
157
159
158
159
159
160
161
164
163
164
165
166
167
167
169
169
168
170
171
171
172
174
173
175
174
175
176
177
177
178
179
179
180
180
181
182
182
184
184
184
184
186
185
186
187
188
187
188
188
190
192
192
192
192
192
193
193
195
195
195
196
195
196
196
198
197
198
199
199
199
201
201
201
202
201
203
203
203
203
204
205
204
205
206
206
206
207
208
208
208
209
209
209
209
210
210
211
212
211
212
212
212
213
214
214
214
214
214
214
215
214
215
217
216
217
216
217
217
217
217
219
220
220
219
219
220
220
220
220
220
220
221
221
222
224
224
222
224
224
224
224
225
224
224
225
225
225
225
226
225
226
227
226
227
227
228
228
227
227
227
227
229
229
228
229
230
229
229
230
230
230
231
231
230
231
231
231
232
232
232
231
231
232
232
233
233
232
233
233
233
234
234
234
233
234
235
235
235
234
235
236
235
235
236
235
236
236
235
236
236
237
236
236
236
237
238
238
238
237
238
238
238
239
238
239
238
238
240
238
240
238
240
239
240
239
240
239
239
240
240
240
241
240
240
241
240
241
240
242
241
242
240
241
242
241
241
242
242
242
242
241
242
242
241
243
242
243
242
243
242
242
242
244
244
244
243
244
243
243
243
244
244
243
244
244
244
244
244
244
244
245
243
244
244
245
244
244
245
244
246
246
245
246
245
245
246
246
246
245
246
246
245
245
246
246
245
245
246
247
245
247
245
247
246
246
246
246
248
246
246
246
247
246
246
246
248
246
248
246
247
248
248
248
247
247
248
248
248
247
247
247
247
248
247
248
247
248
248
247
248
248
248
248
249
246
243
241
239
238
235
234
231
229
228
226
224
222
220
218
216
215
213
211
209
207
206
204
202
200
198
196
195
194
192
192
188
188
185
184
183
180
180
179
177
175
173
172
171
169
167
167
165
163
163
161
159
159
158
156
155
153
152
150
150
148
147
145
145
144
141
141
140
139
138
136
136
134
133
131
130
130
129
128
126
126
125
124
122
122
119
120
118
117
117
116
114
114
113
112
112
110
109
109
106
107
105
105
104
103
102
102
100
100
98
98
97
96
96
96
93
94
92
92
90
90
89
89
88
88
87
86
86
85
84
83
82
82
81
81
79
79
78
78
77
76
76
75
75
73
73
72
73
72
71
71
70
69
69
69
67
67
67
66
66
63
63
63
63
63
62
62
61
61
61
60
60
59
58
58
58
57
57
57
55
56
55
54
54
54
53
52
51
51
51
51
51
50
49
49
49
49
49
48
48
46
47
46
45
46
45
44
44
43
43
43
43
43
42
41
41
42
40
41
40
41
40
40
38
39
38
38
38
37
37
37
36
36
35
36
35
36
35
34
34
34
33
33
33
33
33
32
32
33
32
31
31
30
30
30
30
30
30
30
30
29
29
28
29
28
28
27
28
28
26
27
27
27
26
25
26
26
25
25
26
25
26
25
24
24
24
24
23
24
23
23
24
23
23
22
22
21
22
21
21
21
21
20
21
21
20
20
20
19
19
19
19
19
20
19
19
19
18
18
18
18
17
18
18
18
18
18
17
17
16
17
17
17
17
15
15
15
16
16
15
15
16
15
15
15
15
15
14
14
16
15
15
14
14
14
12
13
14
13
14
14
13
14
13
12
13
13
12
12
12
13
12
12
12
12
12
12
12
12
11
12
12
12
11
12
11
10
10
11
12
11
10
11
10
11
11
11
10
11
11
9
11
10
10
10
10
9
10
9
9
9
10
9
10
10
9
9
9
9
9
9
8
9
9
9
9
9
8
9
8
8
8
9
7
7
8
8
8
8
6
8
8
7
8
7
7
8
7
7
7
7
7
7
6
7
7
7
7
6
7
6
6
7
6
7
7
7
7
6
7
7
7
7
6
6
6
6
7
6
6
5
6
7
6
6
5
6
6
6
5
6
6
6
6
5
6
5
6
6
6
6
6
6
5
5
5
5
6
5
5
5
5
5
4
5
5
5
5
5
4
4
5
5
5
4
4
5
4
4
4
5
4
4
5
5
4
4
4
5
5
3
